v1.0.2_gemob1_13pca_map50.fits		187.53	193.48	-90	90
v1.0.2_ic1396_13pca_map50.fits		97.0	100.8	2.3	5.5
v1.0.2_l006_13pca_map50.fits		4.5	7.54	-90	0.5
v1.0.2_l009_13pca_map50.fits		7.54	10.5	-90	90
v1.0.2_l012_13pca_map50.fits		10.5	13.5	-0.55	0.56
v1.0.2_l018_13pca_map50.fits		13.5	21.5	-1.5	1.5
v1.0.2_l024_13pca_map50.fits		21.5	27.5	-0.58	0.56
v1.0.2_l029_13pca_map50.fits		27.5	29.5	-0.6	0.5
v1.0.2_l030_13pca_map50.fits		29.5	30.5	-1.2	0.6
v1.0.2_l032_13pca_map50.fits		30.5	31.5	-1.2	1.0
v1.0.2_l032_13pca_map50.fits		31.5	33.5	-0.6	0.52
v1.0.2_l035_13pca_map50.fits		33.5	37.5	-0.6	0.52
v1.0.2_l040_13pca_map50.fits		37.5	43.5	-0.6	0.55
v1.0.2_l045_13pca_map50.fits		43.5	48.5	-0.6	0.52
v1.0.2_l050_13pca_map50.fits		48.5	51.5	-0.55	0.52
v1.0.2_l055_13pca_map50.fits		52.5	56.3	-0.5	0.5
v1.0.2_l055_13pca_map50.fits		56.3	58.4	-0.5	0.4
v1.0.2_l065_13pca_map50.fits		58.4	66.5	-0.5	0.5
v1.0.2_l072_13pca_map50.fits		68.5	75.5	-0.5	0.47
v1.0.2_l077_13pca_map50.fits		75.5	76.5	-0.7	0.6
v1.0.2_l077_13pca_map50.fits		76.5	77.4	-0.5	0.5
v1.0.2_l077_13pca_map50.fits		77.4	77.5	-1.5	1.4
v1.0.2_l079_13pca_map50.fits		77.5	80.5	-1.5	1.4
v1.0.2_l082_13pca_map50.fits		80.5	82.5	-0.5	1.4
v1.0.2_l082_13pca_map50.fits		82.5	84.5	-0.4	1.4
v1.0.2_l086_13pca_map50.fits		84.5	86.5	-1.5	0.5
v1.0.2_l086_13pca_map50.fits		86.5	87.5	0.45	1.4
v1.0.2_l111_13pca_map50.fits		0	360	-90	90
v1.0.2_l133_13pca_map50.fits		132.4	134.4	-0.5	90
v1.0.2_l133_13pca_map50.fits		134.4	135.5	0.5	90
v1.0.2_l351_13pca_map50.fits		349.4	352.5	-90	90
v1.0.2_l354_13pca_map50.fits		352.5	355.5	-0.55	0.55	
v1.0.2_l357_13pca_map50.fits		355.5	358.5	-0.55	0.5
v1.0.2_super_gc_13pca_map50.fits		358.5	360	-0.6	0.5
v1.0.2_super_gc_13pca_map50.fits		0	2.5	-0.6	0.5
v1.0.2_super_gc_13pca_map50.fits		2.5	3.5	-0.8	1.2
v1.0.2_super_gc_13pca_map50.fits		3.5	4.5	-0.6	0.5
v1.0.2_w5_13pca_map50.fits		135.5	138.6	-1	+2
v1.0.2_w5_13pca_map50.fits		135.5	136.5	2	3.2
v1.0.2_w5_13pca_map50.fits		136.6	137.5	0.5	3.2
v1.0.2_l089_13pca_map50.fits		87.5	90.5	-0.5	0.5


